30.763282 103.991802
30.763296 103.991966
30.763378 103.991924
30.763413 103.992098
30.763418 103.991774
30.763497 103.992087
30.763499 103.991554
30.763499 103.992215
30.763550 103.992355
30.763614 103.992167
30.763631 103.991448
30.763680 103.992368
30.763699 103.991380
30.763740 103.991347
30.763761 103.992553
30.763830 103.991284
30.763836 103.992691
30.763844 103.991214
30.763924 103.992852
30.763939 103.991184
30.763966 103.991100
30.763994 103.992963
30.764000 103.992837
30.764013 103.993078
30.764098 103.991074
30.764113 103.992971
30.764212 103.993287
30.764213 103.990918
30.764242 103.993086
30.764254 103.990960
30.764334 103.993378
30.764362 103.993208
30.764363 103.990758
30.764430 103.993504
30.764437 103.990824
30.764455 103.990713
30.764515 103.990764
30.764572 103.993426
30.764577 103.990647
30.764617 103.990694
30.764685 103.990562
30.764685 103.993652
30.764790 103.990500
30.764816 103.993594
30.764856 103.990503
30.764887 103.993722
30.764900 103.990469
30.764904 103.990407
30.764938 103.990448
30.764977 103.993638
30.764983 103.990362
30.765095 103.990318
30.765135 103.993689
30.765151 103.990200
30.765182 103.993837
30.765241 103.993860
30.765293 103.990091
30.765329 103.990153
30.765446 103.990041
30.765454 103.993793
30.765545 103.989958
30.765554 103.989872
30.765591 103.993838
30.765666 103.989852
30.765679 103.989764
30.765692 103.993881
30.765737 103.993984
30.765773 103.989793
30.765812 103.989656
30.765856 103.993937
30.765880 103.993965
30.765972 103.994007
30.766003 103.989605
30.766080 103.989446
30.766171 103.994158
30.766192 103.989493
30.766200 103.994249
30.766250 103.989415
30.766261 103.994406
30.766263 103.994228
30.766271 103.994298
30.766310 103.989273
30.766314 103.998422
30.766324 103.994520
30.766339 103.994332
30.766354 103.994201
30.766359 103.994070
30.766362 103.994444
30.766368 103.989330
30.766381 103.998376
30.766407 103.989176
30.766426 103.998342
30.766432 103.994631
30.766484 103.994585
30.766496 103.994660
30.766501 103.993771
30.766514 103.989223
30.766523 103.994740
30.766530 103.989100
30.766553 103.995203
30.766554 103.998251
30.766568 103.995304
30.766572 103.998310
30.766575 103.993670
30.766577 103.994948
30.766578 103.994928
30.766590 103.994873
30.766590 103.995402
30.766598 103.995088
30.766608 103.995078
30.766623 103.995053
30.766627 103.995521
30.766629 103.993589
30.766642 103.995218
30.766661 103.989030
30.766662 103.994862
30.766664 103.995369
30.766666 103.995648
30.766675 103.995506
30.766679 103.995057
30.766688 103.998232
30.766691 103.989036
30.766692 103.995775
30.766695 103.998134
30.766698 103.995633
30.766708 103.995312
30.766718 103.995905
30.766727 103.994872
30.766739 103.995763
30.766742 103.995442
30.766768 103.998054
30.766776 103.996028
30.766786 103.995595
30.766823 103.995888
30.766837 103.996153
30.766838 103.994852
30.766856 103.998086
30.766857 103.996113
30.766870 103.996040
30.766879 103.993350
30.766882 103.996279
30.766885 103.995887
30.766896 103.996229
30.766920 103.996009
30.766931 103.996191
30.766947 103.998008
30.766948 103.996419
30.766966 103.993263
30.766968 103.997910
30.766974 103.994842
30.766981 103.988804
30.766993 103.996339
30.766998 103.996485
30.767009 103.988724
30.767016 103.992689
30.767018 103.996559
30.767024 103.996299
30.767031 103.992575
30.767067 103.996482
30.767069 103.996407
30.767083 103.988705
30.767110 103.996694
30.767113 103.996759
30.767120 103.992892
30.767121 103.997853
30.767126 103.997777
30.767129 103.988634
30.767135 103.996714
30.767148 103.996823
30.767152 103.993119
30.767157 103.992316
30.767180 103.988591
30.767192 103.997762
30.767202 103.996868
30.767224 103.996941
30.767247 103.996996
30.767248 103.988563
30.767249 103.992236
30.767254 103.996920
30.767258 103.996871
30.767259 103.997664
30.767262 103.997069
30.767303 103.988505
30.767307 103.997031
30.767308 103.996973
30.767330 103.992128
30.767337 103.994790
30.767340 103.997195
30.767354 103.988504
30.767374 103.997100
30.767411 103.997520
30.767412 103.997328
30.767419 103.997245
30.767435 103.997268
30.767472 103.988468
30.767484 103.994752
30.767502 103.997350
30.767515 103.997415
30.767550 103.988337
30.767568 103.988415
30.767573 103.997462
30.767590 103.997517
30.767612 103.991888
30.767641 103.997560
30.767647 103.997573
30.767653 103.997644
30.767654 103.988480
30.767659 103.988231
30.767671 103.997627
30.767710 103.991822
30.767746 103.997683
30.767748 103.997685
30.767760 103.988204
30.767780 103.988659
30.767802 103.997702
30.767808 103.988151
30.767817 103.997731
30.767844 103.988196
30.767848 103.988134
30.767850 103.997794
30.767884 103.988855
30.767886 103.997851
30.767891 103.991628
30.767903 103.997789
30.767911 103.988069
30.767915 103.997789
30.767937 103.997893
30.767945 103.988061
30.767948 103.997940
30.767958 103.997830
30.767960 103.988071
30.767986 103.997907
30.767996 103.989040
30.768035 103.998034
30.768037 103.987980
30.768077 103.989055
30.768092 103.991552
30.768093 103.987976
30.768097 103.998101
30.768119 103.998106
30.768224 103.998149
30.768232 103.987840
30.768233 103.987875
30.768243 103.987748
30.768249 103.998083
30.768272 103.991360
30.768273 103.998187
30.768308 103.989236
30.768333 103.987770
30.768364 103.989343
30.768382 103.987630
30.768385 103.991306
30.768393 103.998055
30.768413 103.989467
30.768459 103.987663
30.768490 103.998190
30.768492 103.987557
30.768504 103.998010
30.768521 103.987605
30.768586 103.997918
30.768592 103.998149
30.768606 103.989801
30.768614 103.987467
30.768642 103.989914
30.768642 103.990154
30.768687 103.987506
30.768696 103.987469
30.768700 103.991062
30.768714 103.997926
30.768726 103.987382
30.768787 103.990401
30.768791 103.991038
30.768798 103.987424
30.768844 103.997915
30.768861 103.997961
30.768873 103.987342
30.768881 103.991001
30.768919 103.990648
30.768925 103.987333
30.768945 103.997872
30.768954 103.987260
30.768978 103.987186
30.768979 103.997942
30.768992 103.990768
30.769058 103.997833
30.769082 103.997880
30.769105 103.987095
30.769155 103.987139
30.769162 103.997782
30.769238 103.986998
30.769254 103.997727
30.769272 103.987068
30.769286 103.986994
30.769342 103.997687
30.769352 103.986882
30.769396 103.986909
30.769396 103.997722
30.769449 103.997641
30.769474 103.986772
30.769488 103.986845
30.769504 103.997662
30.769507 103.986871
30.769557 103.997601
30.769650 103.986762
30.769656 103.997529
30.769721 103.997460
30.769739 103.997541
30.769763 103.997370
30.769765 103.986604
30.769773 103.986602
30.769863 103.986531
30.769901 103.997321
30.769913 103.986455
30.769941 103.986541
30.769969 103.997420
30.769980 103.986403
30.770034 103.997292
30.770043 103.986368
30.770086 103.986434
30.770092 103.986313
30.770177 103.986259
30.770180 103.997224
30.770206 103.986245
30.770221 103.986334
30.770230 103.997302
30.770338 103.986088
30.770346 103.997260
30.770359 103.997171
30.770362 103.986164
30.770391 103.986070
30.770431 103.997102
30.770438 103.986096
30.770483 103.985992
30.770515 103.986115
30.770555 103.997053
30.770664 103.997018
30.770696 103.997107
30.770725 103.985886
30.770737 103.985924
30.770766 103.996996
30.770805 103.985879
30.770809 103.997055
30.770819 103.985804
30.770884 103.985824
30.770884 103.985956
30.770885 103.985792
30.770885 103.996939
30.770917 103.997007
30.770955 103.996889
30.770980 103.985767
30.771073 103.985883
30.771083 103.996821
30.771086 103.985614
30.771171 103.985542
30.771212 103.996778
30.771230 103.996839
30.771273 103.996749
30.771308 103.986260
30.771326 103.996774
30.771341 103.985397
30.771369 103.996709
30.771408 103.986394
30.771469 103.996676
30.771493 103.986526
30.771518 103.985263
30.771546 103.996604
30.771546 103.996667
30.771561 103.986694
30.771655 103.996608
30.771661 103.986829
30.771680 103.996598
30.771713 103.985112
30.771759 103.996569
30.771775 103.996540
30.771805 103.985037
30.771814 103.986949
30.771846 103.996442
30.771855 103.986871
30.771856 103.987287
30.771866 103.987145
30.771874 103.985372
30.771924 103.987399
30.771925 103.987277
30.771931 103.985237
30.771949 103.996449
30.771971 103.986794
30.771971 103.996474
30.771976 103.986708
30.771980 103.987526
30.772023 103.986486
30.772023 103.987398
30.772053 103.987666
30.772069 103.996354
30.772076 103.996424
30.772088 103.986568
30.772108 103.986419
30.772153 103.996283
30.772164 103.986665
30.772165 103.987656
30.772187 103.996366
30.772221 103.987792
30.772247 103.987947
30.772265 103.996279
30.772271 103.986601
30.772291 103.987897
30.772337 103.986266
30.772348 103.986305
30.772377 103.986514
30.772379 103.996307
30.772386 103.996267
30.772406 103.988235
30.772457 103.988126
30.772483 103.988395
30.772493 103.996315
30.772494 103.996206
30.772496 103.986243
30.772520 103.988239
30.772547 103.988507
30.772563 103.986362
30.772590 103.988354
30.772599 103.996146
30.772599 103.996213
30.772640 103.986296
30.772679 103.986156
30.772702 103.996120
30.772726 103.988583
30.772731 103.985908
30.772737 103.986231
30.772749 103.985800
30.772760 103.988686
30.772781 103.985866
30.772803 103.985995
30.772803 103.996053
30.772805 103.996133
30.772823 103.988647
30.772833 103.986101
30.772841 103.985946
30.772845 103.986043
30.772902 103.996026
30.772915 103.988671
30.772929 103.988620
30.772930 103.986038
30.772935 103.996161
30.772990 103.995980
30.773043 103.993965
30.773048 103.996014
30.773081 103.993845
30.773088 103.995805
30.773140 103.995693
30.773144 103.994217
30.773147 103.996010
30.773155 103.993756
30.773162 103.988550
30.773189 103.994333
30.773193 103.992094
30.773197 103.992216
30.773208 103.995595
30.773230 103.994445
30.773249 103.988606
30.773256 103.993539
30.773273 103.996061
30.773279 103.992006
30.773283 103.988517
30.773298 103.992454
30.773303 103.993432
30.773319 103.994732
30.773332 103.996261
30.773333 103.996147
30.773335 103.992562
30.773344 103.993325
30.773363 103.994859
30.773364 103.992663
30.773376 103.996351
30.773391 103.993098
30.773399 103.992872
30.773399 103.992995
30.773401 103.995439
30.773403 103.988512
30.773410 103.994983
30.773421 103.988595
30.773427 103.991834
30.773433 103.996462
30.773460 103.995235
30.773462 103.991635
30.773468 103.991722
30.773470 103.995343
30.773478 103.996590
30.773529 103.996026
30.773533 103.996711
30.773544 103.996228
30.773548 103.995823
30.773561 103.996822
30.773566 103.991289
30.773581 103.991492
30.773583 103.991392
30.773603 103.996437
30.773605 103.996951
30.773622 103.995669
30.773640 103.997070
30.773655 103.991148
30.773663 103.988549
30.773688 103.997194
30.773694 103.996877
30.773720 103.991076
30.773734 103.997318
30.773741 103.997050
30.773750 103.988667
30.773775 103.995495
30.773783 103.990978
30.773787 103.988602
30.773801 103.997427
30.773813 103.997217
30.773816 103.997395
30.773834 103.997563
30.773866 103.995414
30.773867 103.997538
30.773890 103.997681
30.773891 103.988757
30.773901 103.997827
30.773907 103.988648
30.773932 103.997950
30.773933 103.990829
30.773954 103.997865
30.773978 103.995342
30.774005 103.998071
30.774008 103.990740
30.774012 103.997998
30.774028 103.988882
30.774072 103.998124
30.774074 103.990671
30.774099 103.998146
30.774110 103.998262
30.774115 103.995273
30.774127 103.988802
30.774152 103.998284
30.774180 103.998417
30.774216 103.988898
30.774220 103.998392
30.774226 103.990518
30.774234 103.989145
30.774260 103.998545
30.774291 103.998713
30.774294 103.988984
30.774299 103.990439
30.774301 103.995215
30.774311 103.998681
30.774366 103.998808
30.774373 103.990351
30.774377 103.989400
30.774397 103.998858
30.774418 103.998937
30.774436 103.999070
30.774459 103.999017
30.774470 103.989214
30.774489 103.989573
30.774493 103.999152
30.774520 103.999197
30.774533 103.989481
30.774544 103.999274
30.774545 103.989342
30.774552 103.990178
30.774560 103.999320
30.774612 103.989681
30.774614 103.989675
30.774614 103.999457
30.774638 103.990100
30.774640 103.999514
30.774651 103.992299
30.774658 103.995079
30.774668 103.999493
30.774678 103.989784
30.774682 103.999639
30.774697 103.992458
30.774704 103.991801
30.774705 103.991986
30.774705 103.999592
30.774722 103.990025
30.774727 103.989827
30.774753 103.989864
30.774763 103.991607
30.774795 103.991405
30.774803 103.992635
30.774827 103.991207
30.774860 103.989943
30.774881 103.990896
30.774890 103.992814
30.774915 103.990742
30.774929 103.992982
30.774959 103.993291
30.774967 103.990575
30.774993 103.993463
30.774993 103.994790
30.775016 103.990236
30.775022 103.990421
30.775056 103.993635
30.775070 103.994519
30.775094 103.993803
30.775108 103.994361
30.775108 103.994607
30.775129 103.993991
30.766036 103.990956
30.765808 103.990885
30.765509 103.990476
30.765806 103.990088
30.766126 103.989717
30.766504 103.989268
30.766902 103.988928
30.767034 103.988829
30.767582 103.988422
30.767753 103.988320
30.768027 103.988074
30.768512 103.987715
30.768593 103.987609
30.768993 103.987388
30.769212 103.987190
30.769524 103.986868
30.769651 103.986752
30.770106 103.986315
30.770381 103.986147
30.770531 103.986062
30.771051 103.985705
30.771141 103.985593
30.771513 103.985365
30.771489 103.985291
30.771207 103.985506
30.771055 103.985771
30.771380 103.986439
30.771466 103.986568
30.771537 103.986709
30.771893 103.987254
30.772017 103.987516
30.772228 103.987901
30.772502 103.988523
30.773029 103.988748
30.773171 103.988674
30.773854 103.988797
30.773970 103.988815
30.774326 103.989023
30.774685 103.989848
30.774835 103.990048
30.775105 103.990506
30.775005 103.990788
30.774863 103.991315
30.774763 103.991513
30.774808 103.992323
30.775042 103.992719
30.774969 103.992851
30.775078 103.993203
30.775155 103.993449
30.775212 103.994260
30.774991 103.994892
30.774439 103.995180
30.774123 103.995353
30.773645 103.995472
30.773476 103.995558
30.773347 103.995631
30.772904 103.995872
30.772613 103.996008
30.772253 103.996163
30.771758 103.996416
30.771188 103.996671
30.771062 103.996720
30.770360 103.997079
30.770234 103.997165
30.769957 103.997314
30.769313 103.997633
30.769136 103.997735
30.768591 103.997978
30.768253 103.998065
30.767866 103.997700
30.767746 103.997563
30.767352 103.996945
30.767154 103.996636
30.767090 103.996473
30.766766 103.995738
30.766725 103.995521
30.766581 103.994953
30.766408 103.994399
30.766193 103.994193
30.765966 103.993957
30.765390 103.993724
30.765229 103.993710
30.765068 103.993643
30.764381 103.993242
30.764102 103.992929
30.763854 103.992623
30.763533 103.992151
30.763528 103.991559
30.763658 103.991399
30.764182 103.990975
30.764237 103.990967
30.764512 103.990718
30.765136 103.990306
30.765285 103.990198
30.765714 103.989924
30.765992 103.989683
30.766439 103.989331
30.766572 103.989174
30.767153 103.988757
30.767375 103.988569
30.767494 103.988519
30.767955 103.988972
30.768034 103.989132
30.768364 103.989682
30.768645 103.990192
30.768903 103.990547
30.769081 103.990860
30.769644 103.991472
30.769797 103.991442
30.769980 103.991376
30.770500 103.990889
30.770783 103.990606
30.771015 103.990389
30.771401 103.989958
30.771878 103.989527
30.772017 103.989409
30.772498 103.988913
30.772622 103.988842
30.772845 103.988842
30.773223 103.989338
30.773192 103.989571
30.773067 103.990141
30.773010 103.990319
30.773117 103.990491
30.772853 103.990975
30.772812 103.991171
30.772728 103.991522
30.772572 103.991868
30.772504 103.992202
30.772525 103.992297
30.772888 103.992083
30.773005 103.992009
30.773081 103.992121
30.773402 103.992387
30.773467 103.992649
30.773398 103.993483
30.773164 103.993785
30.772966 103.993940
30.772812 103.994003
30.772380 103.994198
30.772283 103.994258
30.772194 103.994328
30.772268 103.994424
30.772323 103.994309
30.772388 103.994003
30.772656 103.993751
30.772807 103.993474
30.772754 103.993314
30.772607 103.992657
30.772501 103.992567
30.772379 103.992644
30.771917 103.992763
30.771847 103.992700
30.771489 103.992627
30.771083 103.992413
30.770711 103.992220
30.770522 103.992265
30.769960 103.992528
30.769802 103.992614
30.769591 103.992764
30.769131 103.993188
30.769053 103.993271
30.769061 103.993429
30.768728 103.993675
30.768447 103.993744
30.768265 103.993790
30.767847 103.993289
30.767716 103.993130
30.767603 103.993004
30.767610 103.993405
30.767737 103.993572
30.768013 103.993985
30.767839 103.994334
30.767533 103.994670
30.767370 103.994802
30.767610 103.995274
30.767766 103.995446
30.767932 103.995716
30.768360 103.996249
30.768554 103.996212
30.768838 103.995880
30.768820 103.995562
30.768617 103.995078
30.768585 103.994922
30.768228 103.994212
30.768086 103.994320
30.767900 103.994512
30.767212 103.994757
30.767065 103.994611
30.766814 103.994261
30.766629 103.993982
30.766401 103.993721
30.766268 103.993551
30.765882 103.992836
30.765777 103.992660
30.765658 103.992505
30.765737 103.991914
30.765814 103.991698
30.765881 103.991566
30.765881 103.991566
30.774935 103.990939
30.775007 103.990878
30.775051 103.990765
30.775124 103.990604
30.775177 103.990463
30.775264 103.990305
30.775326 103.990187
30.775407 103.990077
30.775496 103.989981
30.775588 103.989880
30.775701 103.989796
30.775800 103.989712
30.775906 103.989634
30.775962 103.989573
30.776028 103.989475
30.776074 103.989386
30.776020 103.989386
30.775885 103.989519
30.775813 103.989631
30.775762 103.989711
30.775648 103.989794
30.775527 103.989886
30.775417 103.989969
30.775319 103.990028
30.775202 103.990029
30.775090 103.989994
30.774993 103.989942
30.774914 103.989843
30.774833 103.989750
30.774735 103.989677
30.774673 103.989611
30.774557 103.989469
30.774464 103.989370
30.774380 103.989207
30.774308 103.989081
30.774195 103.988969
30.774108 103.988914
30.774006 103.988805
30.773936 103.988759
30.773853 103.988701
30.773769 103.988646
30.773717 103.988614
30.773650 103.988552
30.773533 103.988521
30.773427 103.988496
30.773295 103.988529
30.773153 103.988533
30.773052 103.988571
30.772901 103.988626
30.772791 103.988646
30.772703 103.988576
30.772611 103.988496
30.772548 103.988374
30.772498 103.988286
30.772409 103.988154
30.772365 103.988055
30.772313 103.987904
30.772234 103.987799
30.772157 103.987727
30.772085 103.987598
30.772025 103.987518
30.771976 103.987393
30.771905 103.987294
30.771831 103.987164
30.771762 103.986983
30.771685 103.986893
30.771623 103.986828
30.771577 103.986718
30.771496 103.986630
30.771420 103.986525
30.771327 103.986390
30.771255 103.986300
30.771179 103.986182
30.771122 103.986073
30.771039 103.985905
30.770961 103.985814
30.770841 103.985803
30.770742 103.985814
30.770636 103.985922
30.770553 103.985997
30.770441 103.986087
30.770296 103.986220
30.770196 103.986334
30.770071 103.986405
30.769904 103.986510
30.769786 103.986596
30.769621 103.986684
30.769495 103.986801
30.769374 103.986908
30.769258 103.986986
30.769143 103.987110
30.769044 103.987185
30.768933 103.987285
30.768889 103.987310
30.768720 103.987414
30.768600 103.987498
30.768538 103.987528
30.768420 103.987665
30.768295 103.987738
30.768185 103.987810
30.768084 103.987905
30.767985 103.987962
30.767901 103.988096
30.767826 103.988255
30.767778 103.988458
30.767778 103.988597
30.767806 103.988706
30.767882 103.988815
30.767992 103.988981
30.768047 103.989097
30.768091 103.989193
30.768225 103.989374
30.768314 103.989524
30.768389 103.989704
30.768466 103.989825
30.768550 103.989966
30.768608 103.990072
30.768697 103.990183
30.768792 103.990340
30.768865 103.990447
30.768944 103.990578
30.768979 103.990705
30.769021 103.990815
30.768942 103.990956
30.768870 103.991039
30.768828 103.991175
30.768723 103.991311
30.768605 103.991436
30.768555 103.991554
30.768508 103.991706
30.768331 103.991742
30.768254 103.991806
30.768150 103.991877
30.768006 103.991978
30.767856 103.992234
30.767689 103.992303
30.767634 103.992311
30.767594 103.992383
30.767373 103.992384
30.767240 103.992476
30.767099 103.992504
30.766918 103.992408
30.766792 103.992340
30.766695 103.992346
30.766635 103.992393
30.766554 103.992422
30.766435 103.992465
30.766323 103.992534
30.766255 103.992603
30.766084 103.992681
30.766014 103.992728
30.765887 103.992709
30.765800 103.992592
30.765672 103.992455
30.765579 103.992311
30.765492 103.992185
30.765585 103.992002
30.765701 103.991891
30.765723 103.991691
30.765811 103.991655
30.765865 103.991563
30.765865 103.991563
30.774935 103.990939
30.775007 103.990878
30.775051 103.990765
30.775124 103.990604
30.775177 103.990463
30.775264 103.990305
30.775326 103.990187
30.775407 103.990077
30.775496 103.989981
30.775588 103.989880
30.775701 103.989796
30.775800 103.989712
30.775906 103.989634
30.775962 103.989573
30.776028 103.989475
30.776074 103.989386
30.776020 103.989386
30.775885 103.989519
30.775813 103.989631
30.775762 103.989711
30.775648 103.989794
30.775527 103.989886
30.775417 103.989969
30.775319 103.990028
30.775202 103.990029
30.775090 103.989994
30.774993 103.989942
30.774914 103.989843
30.774833 103.989750
30.774735 103.989677
30.774673 103.989611
30.774557 103.989469
30.774464 103.989370
30.774380 103.989207
30.774308 103.989081
30.774195 103.988969
30.774108 103.988914
30.774006 103.988805
30.773936 103.988759
30.773853 103.988701
30.773769 103.988646
30.773717 103.988614
30.773650 103.988552
30.773533 103.988521
30.773427 103.988496
30.773295 103.988529
30.773153 103.988533
30.773052 103.988571
30.772901 103.988626
30.772791 103.988646
30.772703 103.988576
30.772611 103.988496
30.772548 103.988374
30.772498 103.988286
30.772409 103.988154
30.772365 103.988055
30.772313 103.987904
30.772234 103.987799
30.772157 103.987727
30.772085 103.987598
30.772025 103.987518
30.771976 103.987393
30.771905 103.987294
30.771831 103.987164
30.771762 103.986983
30.771685 103.986893
30.771623 103.986828
30.771577 103.986718
30.771496 103.986630
30.771420 103.986525
30.771327 103.986390
30.771255 103.986300
30.771179 103.986182
30.771122 103.986073
30.771039 103.985905
30.770961 103.985814
30.770841 103.985803
30.770742 103.985814
30.770636 103.985922
30.770553 103.985997
30.770441 103.986087
30.770296 103.986220
30.770196 103.986334
30.770071 103.986405
30.769904 103.986510
30.769786 103.986596
30.769621 103.986684
30.769495 103.986801
30.769374 103.986908
30.769258 103.986986
30.769143 103.987110
30.769044 103.987185
30.768933 103.987285
30.768889 103.987310
30.768720 103.987414
30.768600 103.987498
30.768538 103.987528
30.768420 103.987665
30.768295 103.987738
30.768185 103.987810
30.768084 103.987905
30.767985 103.987962
30.767901 103.988096
30.767826 103.988255
30.767778 103.988458
30.767778 103.988597
30.767806 103.988706
30.767882 103.988815
30.767992 103.988981
30.768047 103.989097
30.768091 103.989193
30.768225 103.989374
30.768314 103.989524
30.768389 103.989704
30.768466 103.989825
30.768550 103.989966
30.768608 103.990072
30.768697 103.990183
30.768792 103.990340
30.768865 103.990447
30.768944 103.990578
30.768979 103.990705
30.769021 103.990815
30.768942 103.990956
30.768870 103.991039
30.768828 103.991175
30.768723 103.991311
30.768605 103.991436
30.768555 103.991554
30.768508 103.991706
30.768331 103.991742
30.768254 103.991806
30.768150 103.991877
30.768006 103.991978
30.767856 103.992234
30.767689 103.992303
30.767634 103.992311
30.767594 103.992383
30.767373 103.992384
30.767240 103.992476
30.767099 103.992504
30.766918 103.992408
30.766792 103.992340
30.766695 103.992346
30.766635 103.992393
30.766554 103.992422
30.766435 103.992465
30.766323 103.992534
30.766255 103.992603
30.766084 103.992681
30.766014 103.992728
30.765887 103.992709
30.765800 103.992592
30.765672 103.992455
30.765579 103.992311
30.765492 103.992185
30.765585 103.992002
30.765701 103.991891
30.765723 103.991691
30.765811 103.991655
30.765865 103.991563
30.765865 103.991563
30.766146 103.992214
30.766057 103.992024
30.765853 103.991799
30.765787 103.991918
30.765769 103.991978
30.765643 103.992108
30.765485 103.992046
30.765394 103.991991
30.765414 103.991789
30.765356 103.991729
30.765298 103.991652
30.765164 103.991467
30.765121 103.991379
30.765096 103.991292
30.765212 103.991006
30.765313 103.990892
30.765406 103.990825
30.765482 103.990633
30.765552 103.990602
30.765499 103.990501
30.765365 103.990261
30.765418 103.990108
30.765591 103.989990
30.765816 103.989822
30.765905 103.989725
30.766023 103.989638
30.766216 103.989500
30.766276 103.989405
30.766405 103.989340
30.766660 103.989109
30.766768 103.989036
30.766849 103.988949
30.767081 103.988796
30.767193 103.988721
30.767302 103.988661
30.767491 103.988556
30.767612 103.988599
30.767705 103.988617
30.767862 103.988791
30.767947 103.988936
30.768025 103.989032
30.768169 103.989268
30.768231 103.989391
30.768338 103.989486
30.768376 103.989609
30.768442 103.989745
30.768527 103.989861
30.768668 103.990060
30.768687 103.990176
30.768737 103.990283
30.768829 103.990512
30.768891 103.990592
30.768961 103.990704
30.769131 103.991008
30.769198 103.991141
30.769241 103.991236
30.769398 103.991485
30.769501 103.991536
30.769588 103.991523
30.769841 103.991465
30.769906 103.991427
30.770037 103.991331
30.770198 103.991198
30.770292 103.991117
30.770383 103.991018
30.770576 103.990837
30.770656 103.990755
30.770745 103.990692
30.770897 103.990566
30.770927 103.990510
30.770999 103.990373
30.771210 103.990170
30.771314 103.990136
30.771396 103.990047
30.771591 103.989840
30.771676 103.989716
30.771748 103.989632
30.771956 103.989414
30.772070 103.989311
30.772167 103.989226
30.772390 103.989064
30.772498 103.988925
30.772571 103.988809
30.772615 103.988547
30.772575 103.988435
30.772515 103.988338
30.772385 103.988117
30.772303 103.988003
30.772235 103.987904
30.772109 103.987704
30.772075 103.987607
30.772015 103.987529
30.771875 103.987294
30.771801 103.987172
30.771750 103.987059
30.771620 103.986811
30.771522 103.986667
30.771466 103.986573
30.771368 103.986350
30.771288 103.986206
30.771191 103.986078
30.771095 103.985917
30.771024 103.985845
30.770979 103.985817
30.770828 103.985837
30.770720 103.985904
30.770490 103.986087
30.770278 103.986263
30.770141 103.986344
30.770005 103.986407
30.769738 103.986629
30.769651 103.986745
30.769564 103.986812
30.769341 103.987004
30.769259 103.987104
30.769154 103.987194
30.768807 103.987395
30.768749 103.987432
30.768653 103.987490
30.768498 103.987605
30.768443 103.987642
30.768316 103.987767
30.768023 103.987967
30.767949 103.988041
30.767829 103.988118
30.767638 103.988320
30.767674 103.988473
30.767739 103.988589
30.767870 103.988790
30.767938 103.988889
30.768009 103.989003
30.768180 103.989272
30.768231 103.989406
30.768328 103.989511
30.768474 103.989763
30.768544 103.989876
30.768639 103.990099
30.768735 103.990303
30.768825 103.990395
30.768904 103.990526
30.769022 103.990776
30.769057 103.990884
30.769118 103.990990
30.769224 103.991165
30.769321 103.991245
30.769405 103.991321
30.769569 103.991550
30.769673 103.991567
30.769772 103.991505
30.769947 103.991407
30.770017 103.991341
30.770139 103.991262
30.770302 103.991082
30.770386 103.991005
30.770484 103.990909
30.770677 103.990727
30.770759 103.990625
30.770851 103.990536
30.771013 103.990376
30.771090 103.990292
30.771173 103.990217
30.771358 103.990043
30.771473 103.989931
30.771564 103.989827
30.771765 103.989650
30.771841 103.989555
30.771920 103.989513
30.772055 103.989327
30.772147 103.989258
30.772243 103.989188
30.772431 103.989062
30.772520 103.988988
30.772596 103.988910
30.772807 103.988774
30.772959 103.988715
30.773088 103.988673
30.773360 103.988626
30.773467 103.988632
30.773632 103.988703
30.774018 103.988901
30.774143 103.989018
30.774258 103.989131
30.774326 103.989199
30.774396 103.989293
30.774463 103.989387
30.774541 103.989485
30.774611 103.989575
30.774690 103.989659
30.774749 103.989737
30.774838 103.989808
30.774933 103.989878
30.774976 103.989924
30.775040 103.990010
30.775096 103.990135
30.775120 103.990256
30.775144 103.990377
30.775074 103.990514
30.775026 103.990592
30.775011 103.990678
30.774957 103.990749
30.769560 103.994871
30.769661 103.994863
30.769713 103.994868
30.769874 103.994756
30.770035 103.994655
30.770062 103.994511
30.769973 103.994392
30.769878 103.994277
30.769741 103.994092
30.769623 103.993911
30.769512 103.993681
30.769276 103.993488
30.769119 103.993329
30.769077 103.993152
30.769003 103.992990
30.768932 103.992838
30.768870 103.992654
30.768762 103.992575
30.768642 103.992385
30.768616 103.992267
30.768749 103.992170
30.768906 103.992113
30.769093 103.991981
30.769252 103.991894
30.769324 103.991744
30.769375 103.991616
30.769427 103.991461
30.769459 103.991249
30.769383 103.991146
30.769332 103.991064
30.769367 103.991012
30.769295 103.990861
30.769188 103.990698
30.769149 103.990560
30.769048 103.990374
30.768959 103.990229
30.768896 103.990065
30.768816 103.989921
30.768768 103.989928
30.768728 103.989901
30.768646 103.990012
30.768678 103.990170
30.768768 103.990404
30.768880 103.990653
30.768944 103.990813
30.768851 103.990965
30.768757 103.991053
30.768859 103.991095
30.768971 103.991067
30.769022 103.990960
30.768957 103.990391
30.768837 103.990150
30.768741 103.989933
30.768664 103.989734
30.768573 103.989576
30.768479 103.989402
30.768388 103.989247
30.768281 103.989048
30.768137 103.988833
30.768027 103.988669
30.767959 103.988568
30.767903 103.988364
30.767948 103.988146
30.768044 103.988048
30.768161 103.988004
30.768204 103.987947
30.768365 103.987853
30.768482 103.987763
30.768583 103.987684
30.768688 103.987603
30.768798 103.987505
30.768985 103.987398
30.768968 103.987307
30.768818 103.987364
30.768651 103.987474
30.768531 103.987594
30.768362 103.987735
30.768238 103.987837
30.768046 103.988022
30.767885 103.988133
30.767761 103.988230
30.767631 103.988340
30.767478 103.988466
30.767335 103.988555
30.767175 103.988670
30.767076 103.988738
30.766871 103.988872
30.766740 103.988991
30.766579 103.989123
30.766366 103.989232
30.766277 103.989295
30.766281 103.989351
30.766231 103.989393
30.766091 103.989470
30.765961 103.989629
30.765765 103.989763
30.765644 103.989865
30.765465 103.989949
30.765347 103.990026
30.766046 103.991137
30.766007 103.991070
30.765994 103.991015
30.766005 103.990944
30.765975 103.990852
30.765919 103.990798
30.765872 103.990641
30.765941 103.990573
30.765990 103.990505
30.766047 103.990501
30.766043 103.990559
30.766031 103.990110
30.765924 103.989967
30.765879 103.989869
30.765827 103.989861
30.765771 103.989858
30.765722 103.989880
30.765655 103.989917
30.765605 103.989963
30.765551 103.990002
30.765504 103.990051
30.765449 103.990100
30.765453 103.990172
30.765485 103.990254
30.765523 103.990311
30.765577 103.990371
30.765592 103.990436
30.765664 103.990480
30.765734 103.990514
30.765801 103.990559
30.765842 103.990635
30.765859 103.990721
30.765859 103.990721
30.773500 103.991668
30.773459 103.991567
30.773481 103.991620
30.773488 103.991762
30.773541 103.991784
30.773477 103.991485
30.773507 103.991356
30.773507 103.991217
30.773316 103.990873
30.772982 103.990693
30.773500 103.991668
30.773459 103.991567
30.773481 103.991620
30.773488 103.991762
30.773541 103.991784
30.773477 103.991485
30.773507 103.991356
30.773507 103.991217
30.773316 103.990873
30.772982 103.990693
30.773500 103.991668
30.773459 103.991567
30.773481 103.991620
30.773488 103.991762
30.773541 103.991784
30.773477 103.991485
30.773507 103.991356
30.773507 103.991217
30.773316 103.990873
30.772982 103.990693

